1 2 1 1 10.06
1 2 2 2 -6.914
1 2 3 3 -4.895
1 2 4 4 -4.562
1 2 5 5 -7.176
1 2 6 6 -6.39
1 2 7 7 -5.72
1 2 8 8 -5.742
1 2 9 9 -5.84
1 2 10 10 -6.88
1 2 11 11 -7.074
1 2 12 12 -4.37
1 2 13 13 -6.93
1 2 14 14 -6.33
1 2 15 15 -6.598
1 2 16 16 -5.777
1 2 17 17 -9.09
1 2 18 18 -7.832
1 2 19 19 -6.727
1 2 20 20 -7.406
1 2 21 21 -10.164
1 2 22 22 -9.305
1 2 23 23 -7.45
1 2 24 24 -9.57
1 2 25 25 -8.82
1 2 26 26 -8.29
1 2 27 27 -15.76
1 2 28 28 -13.31
1 2 29 29 -9.5
1 2 30 30 -14.91
1 2 31 31 -15.27
2 3 1 1 10.12
2 3 2 2 -6.95
2 3 3 3 -4.926
2 3 4 4 -4.605
2 3 5 5 -7.195
2 3 6 6 -6.445
2 3 7 7 -5.78
2 3 8 8 -5.746
2 3 9 9 -5.918
2 3 10 10 -6.906
2 3 11 11 -7.098
2 3 12 12 -4.39
2 3 13 13 -6.9
2 3 14 14 -6.383
2 3 15 15 -6.63
2 3 16 16 -5.785
2 3 17 17 -9.14
2 3 18 18 -7.887
2 3 19 19 -6.707
2 3 20 20 -7.41
2 3 21 21 -10.21
2 3 22 22 -9.33
2 3 23 23 -7.453
2 3 24 24 -9.59
2 3 25 25 -8.82
2 3 26 26 -8.305
2 3 27 27 -15.836
2 3 28 28 -13.336
2 3 29 29 -9.54
2 3 30 30 -14.96
2 3 31 31 -15.33
3 4 1 1 10.02
3 4 2 2 -6.883
3 4 3 3 -5.035
3 4 4 4 -4.58
3 4 5 5 -7.23
3 4 6 6 -6.383
3 4 7 7 -5.88
3 4 8 8 -5.75
3 4 9 9 -5.938
3 4 10 10 -6.824
3 4 11 11 -7.1
3 4 12 12 -4.348
3 4 13 13 -6.89
3 4 14 14 -6.254
3 4 15 15 -6.547
3 4 16 16 -5.74
3 4 17 17 -9.016
3 4 18 18 -7.723
3 4 19 19 -6.69
3 4 20 20 -7.457
3 4 21 21 -10.15
3 4 22 22 -9.26
3 4 23 23 -7.496
3 4 24 24 -9.56
3 4 25 25 -8.82
3 4 26 26 -8.27
3 4 27 27 -15.74
3 4 28 28 -13.29
3 4 29 29 -9.516
3 4 30 30 -14.914
3 4 31 31 -15.29
4 5 1 1 10.13
4 5 2 2 -6.953
4 5 3 3 -4.93
4 5 4 4 -4.61
4 5 5 5 -7.21
4 5 6 6 -6.473
4 5 7 7 -5.797
4 5 8 8 -5.754
4 5 9 9 -5.95
4 5 10 10 -6.91
4 5 11 11 -7.074
4 5 12 12 -4.402
4 5 13 13 -6.918
4 5 14 14 -6.4
4 5 15 15 -6.664
4 5 16 16 -5.754
4 5 17 17 -9.15
4 5 18 18 -7.902
4 5 19 19 -6.69
4 5 20 20 -7.434
4 5 21 21 -10.23
4 5 22 22 -9.33
4 5 23 23 -7.453
4 5 24 24 -9.6
4 5 25 25 -8.836
4 5 26 26 -8.32
4 5 27 27 -15.86
4 5 28 28 -13.35
4 5 29 29 -9.555
4 5 30 30 -14.98
4 5 31 31 -15.34
5 6 1 1 10.09
5 6 2 2 -6.91
5 6 3 3 -4.93
5 6 4 4 -4.59
5 6 5 5 -7.246
5 6 6 6 -6.48
5 6 7 7 -5.797
5 6 8 8 -5.734
5 6 9 9 -5.934
5 6 10 10 -6.867
5 6 11 11 -7.086
5 6 12 12 -4.363
5 6 13 13 -6.9
5 6 14 14 -6.395
5 6 15 15 -6.65
5 6 16 16 -5.727
5 6 17 17 -9.12
5 6 18 18 -7.84
5 6 19 19 -6.69
5 6 20 20 -7.44
5 6 21 21 -10.23
5 6 22 22 -9.33
5 6 23 23 -7.49
5 6 24 24 -9.63
5 6 25 25 -8.84
5 6 26 26 -8.32
5 6 27 27 -15.805
5 6 28 28 -13.34
5 6 29 29 -9.57
5 6 30 30 -14.95
5 6 31 31 -15.32
6 7 1 1 10.06
6 7 2 2 -6.91
6 7 3 3 -5.008
6 7 4 4 -4.59
6 7 5 5 -7.258
6 7 6 6 -6.434
6 7 7 7 -5.87
6 7 8 8 -5.77
6 7 9 9 -5.94
6 7 10 10 -6.84
6 7 11 11 -7.105
6 7 12 12 -4.35
6 7 13 13 -6.88
6 7 14 14 -6.305
6 7 15 15 -6.605
6 7 16 16 -5.73
6 7 17 17 -9.08
6 7 18 18 -7.766
6 7 19 19 -6.71
6 7 20 20 -7.473
6 7 21 21 -10.19
6 7 22 22 -9.3
6 7 23 23 -7.52
6 7 24 24 -9.6
6 7 25 25 -8.85
6 7 26 26 -8.305
6 7 27 27 -15.79
6 7 28 28 -13.33
6 7 29 29 -9.55
6 7 30 30 -14.945
6 7 31 31 -15.32
7 8 1 1 10.08
7 8 2 2 -6.89
7 8 3 3 -4.918
7 8 4 4 -4.574
7 8 5 5 -7.24
7 8 6 6 -6.473
7 8 7 7 -5.777
7 8 8 8 -5.73
7 8 9 9 -5.918
7 8 10 10 -6.867
7 8 11 11 -7.086
7 8 12 12 -4.36
7 8 13 13 -6.902
7 8 14 14 -6.375
7 8 15 15 -6.645
7 8 16 16 -5.746
7 8 17 17 -9.1
7 8 18 18 -7.83
7 8 19 19 -6.695
7 8 20 20 -7.43
7 8 21 21 -10.22
7 8 22 22 -9.33
7 8 23 23 -7.492
7 8 24 24 -9.62
7 8 25 25 -8.836
7 8 26 26 -8.32
7 8 27 27 -15.79
7 8 28 28 -13.33
7 8 29 29 -9.555
7 8 30 30 -14.94
7 8 31 31 -15.305
8 9 1 1 10.16
8 9 2 2 -6.97
8 9 3 3 -4.95
8 9 4 4 -4.63
8 9 5 5 -7.223
8 9 6 6 -6.508
8 9 7 7 -5.84
8 9 8 8 -5.754
8 9 9 9 -5.992
8 9 10 10 -6.895
8 9 11 11 -7.09
8 9 12 12 -4.395
8 9 13 13 -6.902
8 9 14 14 -6.434
8 9 15 15 -6.684
8 9 16 16 -5.773
8 9 17 17 -9.164
8 9 18 18 -7.91
8 9 19 19 -6.68
8 9 20 20 -7.43
8 9 21 21 -10.25
8 9 22 22 -9.34
8 9 23 23 -7.45
8 9 24 24 -9.61
8 9 25 25 -8.83
8 9 26 26 -8.32
8 9 27 27 -15.89
8 9 28 28 -13.36
8 9 29 29 -9.586
8 9 30 30 -15.0
8 9 31 31 -15.37
9 10 1 1 10.09
9 10 2 2 -6.918
9 10 3 3 -4.94
9 10 4 4 -4.586
9 10 5 5 -7.234
9 10 6 6 -6.49
9 10 7 7 -5.805
9 10 8 8 -5.742
9 10 9 9 -5.94
9 10 10 10 -6.875
9 10 11 11 -7.086
9 10 12 12 -4.363
9 10 13 13 -6.9
9 10 14 14 -6.383
9 10 15 15 -6.65
9 10 16 16 -5.75
9 10 17 17 -9.11
9 10 18 18 -7.832
9 10 19 19 -6.695
9 10 20 20 -7.43
9 10 21 21 -10.21
9 10 22 22 -9.33
9 10 23 23 -7.484
9 10 24 24 -9.61
9 10 25 25 -8.83
9 10 26 26 -8.32
9 10 27 27 -15.81
9 10 28 28 -13.336
9 10 29 29 -9.56
9 10 30 30 -14.95
9 10 31 31 -15.32
10 11 1 1 10.14
10 11 2 2 -6.95
10 11 3 3 -4.96
10 11 4 4 -4.617
10 11 5 5 -7.234
10 11 6 6 -6.49
10 11 7 7 -5.848
10 11 8 8 -5.754
10 11 9 9 -6.0
10 11 10 10 -6.902
10 11 11 11 -7.09
10 11 12 12 -4.375
10 11 13 13 -6.918
10 11 14 14 -6.418
10 11 15 15 -6.688
10 11 16 16 -5.766
10 11 17 17 -9.15
10 11 18 18 -7.895
10 11 19 19 -6.676
10 11 20 20 -7.438
10 11 21 21 -10.24
10 11 22 22 -9.34
10 11 23 23 -7.44
10 11 24 24 -9.61
10 11 25 25 -8.83
10 11 26 26 -8.33
10 11 27 27 -15.88
10 11 28 28 -13.36
10 11 29 29 -9.58
10 11 30 30 -14.99
10 11 31 31 -15.36
11 12 1 1 10.12
11 12 2 2 -6.93
11 12 3 3 -4.99
11 12 4 4 -4.605
11 12 5 5 -7.246
11 12 6 6 -6.508
11 12 7 7 -5.84
11 12 8 8 -5.74
11 12 9 9 -5.98
11 12 10 10 -6.863
11 12 11 11 -7.098
11 12 12 12 -4.36
11 12 13 13 -6.875
11 12 14 14 -6.406
11 12 15 15 -6.66
11 12 16 16 -5.76
11 12 17 17 -9.12
11 12 18 18 -7.836
11 12 19 19 -6.688
11 12 20 20 -7.43
11 12 21 21 -10.23
11 12 22 22 -9.34
11 12 23 23 -7.484
11 12 24 24 -9.61
11 12 25 25 -8.82
11 12 26 26 -8.31
11 12 27 27 -15.836
11 12 28 28 -13.336
11 12 29 29 -9.586
11 12 30 30 -14.98
11 12 31 31 -15.34
12 13 1 1 10.13
12 13 2 2 -6.965
12 13 3 3 -4.984
12 13 4 4 -4.617
12 13 5 5 -7.25
12 13 6 6 -6.53
12 13 7 7 -5.86
12 13 8 8 -5.742
12 13 9 9 -5.992
12 13 10 10 -6.875
12 13 11 11 -7.117
12 13 12 12 -4.36
12 13 13 13 -6.87
12 13 14 14 -6.4
12 13 15 15 -6.668
12 13 16 16 -5.785
12 13 17 17 -9.12
12 13 18 18 -7.836
12 13 19 19 -6.68
12 13 20 20 -7.418
12 13 21 21 -10.23
12 13 22 22 -9.35
12 13 23 23 -7.48
12 13 24 24 -9.6
12 13 25 25 -8.82
12 13 26 26 -8.31
12 13 27 27 -15.85
12 13 28 28 -13.34
12 13 29 29 -9.6
12 13 30 30 -14.99
12 13 31 31 -15.36
13 14 1 1 10.14
13 14 2 2 -6.96
13 14 3 3 -5.016
13 14 4 4 -4.63
13 14 5 5 -7.242
13 14 6 6 -6.535
13 14 7 7 -5.895
13 14 8 8 -5.742
13 14 9 9 -6.01
13 14 10 10 -6.875
13 14 11 11 -7.13
13 14 12 12 -4.355
13 14 13 13 -6.855
13 14 14 14 -6.39
13 14 15 15 -6.668
13 14 16 16 -5.793
13 14 17 17 -9.13
13 14 18 18 -7.85
13 14 19 19 -6.66
13 14 20 20 -7.41
13 14 21 21 -10.234
13 14 22 22 -9.36
13 14 23 23 -7.453
13 14 24 24 -9.586
13 14 25 25 -8.79
13 14 26 26 -8.305
13 14 27 27 -15.87
13 14 28 28 -13.33
13 14 29 29 -9.61
13 14 30 30 -15.0
13 14 31 31 -15.36
14 15 1 1 10.09
14 15 2 2 -6.914
14 15 3 3 -5.043
14 15 4 4 -4.594
14 15 5 5 -7.234
14 15 6 6 -6.51
14 15 7 7 -5.89
14 15 8 8 -5.742
14 15 9 9 -5.977
14 15 10 10 -6.85
14 15 11 11 -7.125
14 15 12 12 -4.332
14 15 13 13 -6.848
14 15 14 14 -6.367
14 15 15 15 -6.637
14 15 16 16 -5.74
14 15 17 17 -9.12
14 15 18 18 -7.816
14 15 19 19 -6.676
14 15 20 20 -7.41
14 15 21 21 -10.22
14 15 22 22 -9.35
14 15 23 23 -7.44
14 15 24 24 -9.57
14 15 25 25 -8.77
14 15 26 26 -8.3
14 15 27 27 -15.805
14 15 28 28 -13.305
14 15 29 29 -9.586
14 15 30 30 -14.95
14 15 31 31 -15.33
15 16 1 1 10.016
15 16 2 2 -6.895
15 16 3 3 -5.08
15 16 4 4 -4.56
15 16 5 5 -7.176
15 16 6 6 -6.37
15 16 7 7 -5.883
15 16 8 8 -5.74
15 16 9 9 -5.906
15 16 10 10 -6.84
15 16 11 11 -7.15
15 16 12 12 -4.266
15 16 13 13 -6.883
15 16 14 14 -6.33
15 16 15 15 -6.613
15 16 16 16 -5.625
15 16 17 17 -9.086
15 16 18 18 -7.72
15 16 19 19 -6.734
15 16 20 20 -7.41
15 16 21 21 -10.16
15 16 22 22 -9.34
15 16 23 23 -7.406
15 16 24 24 -9.54
15 16 25 25 -8.805
15 16 26 26 -8.305
15 16 27 27 -15.73
15 16 28 28 -13.3
15 16 29 29 -9.53
15 16 30 30 -14.89
15 16 31 31 -15.266
16 17 1 1 9.89
16 17 2 2 -6.88
16 17 3 3 -5.156
16 17 4 4 -4.52
16 17 5 5 -7.016
16 17 6 6 -5.83
16 17 7 7 -5.902
16 17 8 8 -5.766
16 17 9 9 -5.97
16 17 10 10 -6.832
16 17 11 11 -7.156
16 17 12 12 -4.125
16 17 13 13 -6.996
16 17 14 14 -6.387
16 17 15 15 -6.562
16 17 16 16 -5.625
16 17 17 17 -8.94
16 17 18 18 -7.64
16 17 19 19 -6.63
16 17 20 20 -7.37
16 17 21 21 -10.14
16 17 22 22 -9.22
16 17 23 23 -7.234
16 17 24 24 -9.47
16 17 25 25 -8.85
16 17 26 26 -8.24
16 17 27 27 -15.625
16 17 28 28 -13.18
16 17 29 29 -9.41
16 17 30 30 -14.8
16 17 31 31 -15.19
17 18 1 1 3.22
17 18 2 2 -5.297
17 18 3 3 -7.453
17 18 4 4 -3.9
17 18 5 5 -1.893
17 18 6 6 9.95
17 18 7 7 -4.55
17 18 8 8 -5.168
17 18 9 9 -7.758
17 18 10 10 -3.139
17 18 11 11 -2.465
17 18 12 12 -3.766
17 18 13 13 -2.703
17 18 14 14 -8.83
17 18 15 15 -6.277
17 18 16 16 -0.3794
17 18 17 17 -9.07
17 18 18 18 -6.58
17 18 19 19 -4.36
17 18 20 20 -6.914
17 18 21 21 -5.98
17 18 22 22 -5.34
17 18 23 23 -4.41
17 18 24 24 -9.32
17 18 25 25 -9.74
17 18 26 26 -5.555
17 18 27 27 -7.543
17 18 28 28 -8.08
17 18 29 29 -5.855
17 18 30 30 -10.12
17 18 31 31 -10.375
18 19 1 1 3.9
18 19 2 2 -1.18
18 19 3 3 -4.71
18 19 4 4 -4.406
18 19 5 5 -4.46
18 19 6 6 8.74
18 19 7 7 -3.115
18 19 8 8 -6.49
18 19 9 9 -5.387
18 19 10 10 -5.562
18 19 11 11 -3.46
18 19 12 12 -7.785
18 19 13 13 -7.316
18 19 14 14 -7.33
18 19 15 15 -7.45
18 19 16 16 -4.324
18 19 17 17 -6.59
18 19 18 18 -7.094
18 19 19 19 -5.69
18 19 20 20 -7.273
18 19 21 21 -6.242
18 19 22 22 -6.57
18 19 23 23 -4.973
18 19 24 24 -9.31
18 19 25 25 -9.46
18 19 26 26 -5.67
18 19 27 27 -7.207
18 19 28 28 -7.652
18 19 29 29 -3.408
18 19 30 30 -9.92
18 19 31 31 -10.09
19 20 1 1 -0.11847
19 20 2 2 8.17
19 20 3 3 -2.701
19 20 4 4 -4.836
19 20 5 5 -9.39
19 20 6 6 -3.863
19 20 7 7 -1.932
19 20 8 8 -5.523
19 20 9 9 -4.04
19 20 10 10 -6.793
19 20 11 11 -3.324
19 20 12 12 -6.527
19 20 13 13 -7.254
19 20 14 14 -4.453
19 20 15 15 -6.746
19 20 16 16 -5.016
19 20 17 17 -7.566
19 20 18 18 -7.688
19 20 19 19 -7.766
19 20 20 20 -9.37
19 20 21 21 -9.19
19 20 22 22 -7.184
19 20 23 23 -7.63
19 20 24 24 -11.51
19 20 25 25 -7.715
19 20 26 26 -7.996
19 20 27 27 -3.99
19 20 28 28 -8.164
19 20 29 29 -5.656
19 20 30 30 -8.336
19 20 31 31 -9.3
20 21 1 1 9.79
20 21 2 2 -6.508
20 21 3 3 -5.297
20 21 4 4 -4.367
20 21 5 5 -7.246
20 21 6 6 -6.043
20 21 7 7 -5.992
20 21 8 8 -5.8
20 21 9 9 -6.016
20 21 10 10 -6.758
20 21 11 11 -7.023
20 21 12 12 -4.105
20 21 13 13 -7.21
20 21 14 14 -6.05
20 21 15 15 -6.285
20 21 16 16 -5.77
20 21 17 17 -8.65
20 21 18 18 -7.54
20 21 19 19 -6.723
20 21 20 20 -7.484
20 21 21 21 -9.984
20 21 22 22 -9.18
20 21 23 23 -7.344
20 21 24 24 -9.41
20 21 25 25 -8.734
20 21 26 26 -8.195
20 21 27 27 -15.445
20 21 28 28 -13.12
20 21 29 29 -9.19
20 21 30 30 -14.72
20 21 31 31 -15.11
21 22 1 1 9.836
21 22 2 2 -6.613
21 22 3 3 -5.26
21 22 4 4 -4.53
21 22 5 5 -7.25
21 22 6 6 -6.137
21 22 7 7 -5.81
21 22 8 8 -5.805
21 22 9 9 -5.93
21 22 10 10 -6.703
21 22 11 11 -6.74
21 22 12 12 -4.164
21 22 13 13 -7.24
21 22 14 14 -6.176
21 22 15 15 -6.496
21 22 16 16 -5.48
21 22 17 17 -8.91
21 22 18 18 -7.793
21 22 19 19 -6.656
21 22 20 20 -7.67
21 22 21 21 -10.2
21 22 22 22 -9.16
21 22 23 23 -7.45
21 22 24 24 -9.555
21 22 25 25 -8.94
21 22 26 26 -8.17
21 22 27 27 -15.5
21 22 28 28 -13.234
21 22 29 29 -9.37
21 22 30 30 -14.766
21 22 31 31 -15.164
22 23 1 1 7.176
22 23 2 2 -3.0
22 23 3 3 -4.58
22 23 4 4 -3.102
22 23 5 5 -3.766
22 23 6 6 -4.195
22 23 7 7 -4.67
22 23 8 8 -5.57
22 23 9 9 -6.297
22 23 10 10 -4.414
22 23 11 11 -5.934
22 23 12 12 -2.63
22 23 13 13 -4.258
22 23 14 14 -5.55
22 23 15 15 -4.8
22 23 16 16 9.17
22 23 17 17 -6.516
22 23 18 18 -4.723
22 23 19 19 -5.414
22 23 20 20 -7.03
22 23 21 21 -6.51
22 23 22 22 -5.086
22 23 23 23 -7.03
22 23 24 24 -9.12
22 23 25 25 -8.695
22 23 26 26 -8.55
22 23 27 27 -11.03
22 23 28 28 -10.81
22 23 29 29 -4.87
22 23 30 30 -9.734
22 23 31 31 -9.68
23 24 1 1 7.184
23 24 2 2 -10.195
23 24 3 3 -6.598
23 24 4 4 -6.203
23 24 5 5 4.777
23 24 6 6 -7.11
23 24 7 7 -6.594
23 24 8 8 -3.9
23 24 9 9 -8.11
23 24 10 10 -6.445
23 24 11 11 -7.26
23 24 12 12 -2.309
23 24 13 13 -4.484
23 24 14 14 -6.82
23 24 15 15 -4.086
23 24 16 16 8.375
23 24 17 17 -2.982
23 24 18 18 -2.783
23 24 19 19 -5.355
23 24 20 20 -6.03
23 24 21 21 -3.58
23 24 22 22 -3.34
23 24 23 23 -6.566
23 24 24 24 -5.438
23 24 25 25 -8.266
23 24 26 26 -8.17
23 24 27 27 -11.555
23 24 28 28 -11.3
23 24 29 29 -3.34
23 24 30 30 -10.64
23 24 31 31 -10.36
24 25 1 1 4.74
24 25 2 2 -6.65
24 25 3 3 2.207
24 25 4 4 -6.156
24 25 5 5 13.45
24 25 6 6 0.6504
24 25 7 7 -2.656
24 25 8 8 -4.11
24 25 9 9 -3.848
24 25 10 10 -6.043
24 25 11 11 -6.516
24 25 12 12 -3.654
24 25 13 13 -5.71
24 25 14 14 -4.01
24 25 15 15 -2.584
24 25 16 16 0.887
24 25 17 17 -3.691
24 25 18 18 -6.504
24 25 19 19 -7.855
24 25 20 20 -6.367
24 25 21 21 -10.08
24 25 22 22 -9.29
24 25 23 23 -9.19
24 25 24 24 -6.27
24 25 25 25 -8.1
24 25 26 26 -11.086
24 25 27 27 -4.645
24 25 28 28 -8.9
24 25 29 29 -7.94
24 25 30 30 -10.84
24 25 31 31 -10.336
25 26 1 1 1.159
25 26 2 2 -4.35
25 26 3 3 10.99
25 26 4 4 -4.195
25 26 5 5 -3.076
25 26 6 6 -1.925
25 26 7 7 -0.909
25 26 8 8 -5.406
25 26 9 9 -5.83
25 26 10 10 -6.402
25 26 11 11 -6.438
25 26 12 12 -4.098
25 26 13 13 -3.113
25 26 14 14 -3.215
25 26 15 15 -7.33
25 26 16 16 -3.523
25 26 17 17 -3.625
25 26 18 18 -10.58
25 26 19 19 -8.12
25 26 20 20 -4.74
25 26 21 21 -6.715
25 26 22 22 -6.742
25 26 23 23 -8.54
25 26 24 24 -10.48
25 26 25 25 -10.54
25 26 26 26 -10.125
25 26 27 27 -4.527
25 26 28 28 -6.574
25 26 29 29 -7.453
25 26 30 30 -9.24
25 26 31 31 -9.92
26 27 1 1 4.44
26 27 2 2 -4.605
26 27 3 3 1.093
26 27 4 4 -2.592
26 27 5 5 -8.586
26 27 6 6 -7.527
26 27 7 7 -3.719
26 27 8 8 -4.195
26 27 9 9 -7.08
26 27 10 10 -2.773
26 27 11 11 -5.305
26 27 12 12 -3.818
26 27 13 13 11.58
26 27 14 14 -5.92
26 27 15 15 -6.062
26 27 16 16 -14.61
26 27 17 17 -5.355
26 27 18 18 -8.61
26 27 19 19 -7.375
26 27 20 20 -3.543
26 27 21 21 -8.69
26 27 22 22 -8.65
26 27 23 23 -8.914
26 27 24 24 -10.5
26 27 25 25 -3.527
26 27 26 26 -6.58
26 27 27 27 -0.6284
26 27 28 28 -0.4084
26 27 29 29 -6.85
26 27 30 30 -12.95
26 27 31 31 -12.3
27 28 1 1 7.633
27 28 2 2 -6.75
27 28 3 3 -4.113
27 28 4 4 -3.926
27 28 5 5 -12.43
27 28 6 6 -10.63
27 28 7 7 -8.96
27 28 8 8 -9.055
27 28 9 9 -9.8
27 28 10 10 -3.03
27 28 11 11 -9.695
27 28 12 12 -3.592
27 28 13 13 11.31
27 28 14 14 -9.73
27 28 15 15 -12.4
27 28 16 16 0.0932
27 28 17 17 -10.94
27 28 18 18 -8.125
27 28 19 19 -9.234
27 28 20 20 -6.586
27 28 21 21 -11.48
27 28 22 22 -11.91
27 28 23 23 -8.97
27 28 24 24 -11.914
27 28 25 25 -6.76
27 28 26 26 -12.36
27 28 27 27 -3.363
27 28 28 28 -4.715
27 28 29 29 -11.19
27 28 30 30 -13.16
27 28 31 31 -13.44
28 29 1 1 9.89
28 29 2 2 -6.887
28 29 3 3 -5.188
28 29 4 4 -4.35
28 29 5 5 -7.387
28 29 6 6 -6.44
28 29 7 7 -6.27
28 29 8 8 -5.863
28 29 9 9 -6.113
28 29 10 10 -6.883
28 29 11 11 -7.195
28 29 12 12 -3.992
28 29 13 13 -6.8
28 29 14 14 -6.42
28 29 15 15 -6.906
28 29 16 16 -4.984
28 29 17 17 -9.18
28 29 18 18 -7.59
28 29 19 19 -6.816
28 29 20 20 -7.363
28 29 21 21 -10.16
28 29 22 22 -9.44
28 29 23 23 -7.348
28 29 24 24 -9.52
28 29 25 25 -8.875
28 29 26 26 -8.42
28 29 27 27 -15.68
28 29 28 28 -13.35
28 29 29 29 -9.414
28 29 30 30 -14.82
28 29 31 31 -15.21
29 30 1 1 7.133
29 30 2 2 -3.541
29 30 3 3 -4.793
29 30 4 4 -3.012
29 30 5 5 -4.105
29 30 6 6 -3.834
29 30 7 7 -4.793
29 30 8 8 -5.74
29 30 9 9 -6.39
29 30 10 10 -4.56
29 30 11 11 -6.414
29 30 12 12 -1.68
29 30 13 13 -4.0
29 30 14 14 -5.617
29 30 15 15 -4.887
29 30 16 16 9.45
29 30 17 17 -6.734
29 30 18 18 -4.496
29 30 19 19 -5.758
29 30 20 20 -6.78
29 30 21 21 -6.426
29 30 22 22 -5.445
29 30 23 23 -7.117
29 30 24 24 -9.27
29 30 25 25 -8.875
29 30 26 26 -8.695
29 30 27 27 -11.19
29 30 28 28 -10.914
29 30 29 29 -5.195
29 30 30 30 -9.88
29 30 31 31 -9.836
30 31 1 1 2.232
30 31 2 2 -8.95
30 31 3 3 -8.99
30 31 4 4 -4.508
30 31 5 5 -2.68
30 31 6 6 -0.1428
30 31 7 7 -6.46
30 31 8 8 -2.342
30 31 9 9 -9.5
30 31 10 10 -4.223
30 31 11 11 -7.26
30 31 12 12 10.86
30 31 13 13 -6.09
30 31 14 14 -9.766
30 31 15 15 -2.342
30 31 16 16 -0.701
30 31 17 17 -5.04
30 31 18 18 -5.99
30 31 19 19 -8.625
30 31 20 20 -6.54
30 31 21 21 -5.613
30 31 22 22 -7.09
30 31 23 23 -7.36
30 31 24 24 -9.64
30 31 25 25 -10.24
30 31 26 26 -7.242
30 31 27 27 -4.984
30 31 28 28 -6.62
30 31 29 29 -4.094
30 31 30 30 -10.54
30 31 31 31 -10.44
31 32 1 1 3.477
31 32 2 2 -4.633
31 32 3 3 -4.53
31 32 4 4 -3.875
31 32 5 5 -4.082
31 32 6 6 10.54
31 32 7 7 -4.793
31 32 8 8 -3.719
31 32 9 9 -8.1
31 32 10 10 -3.932
31 32 11 11 -9.49
31 32 12 12 5.688
31 32 13 13 -8.27
31 32 14 14 -5.938
31 32 15 15 -1.965
31 32 16 16 -4.684
31 32 17 17 -7.47
31 32 18 18 -7.14
31 32 19 19 -7.49
31 32 20 20 -5.383
31 32 21 21 -4.996
31 32 22 22 -7.207
31 32 23 23 -7.43
31 32 24 24 -11.37
31 32 25 25 -12.74
31 32 26 26 -7.156
31 32 27 27 -8.29
31 32 28 28 -8.336
31 32 29 29 -6.44
31 32 30 30 -11.195
31 32 31 31 -11.27
32 33 1 1 9.31
32 33 2 2 -5.35
32 33 3 3 -5.52
32 33 4 4 -4.64
32 33 5 5 -7.062
32 33 6 6 -2.889
32 33 7 7 -6.324
32 33 8 8 -5.355
32 33 9 9 -5.87
32 33 10 10 -7.055
32 33 11 11 -7.973
32 33 12 12 -3.957
32 33 13 13 -7.88
32 33 14 14 -6.188
32 33 15 15 -5.887
32 33 16 16 -6.105
32 33 17 17 -8.52
32 33 18 18 -7.496
32 33 19 19 -6.953
32 33 20 20 -7.664
32 33 21 21 -9.76
32 33 22 22 -8.79
32 33 23 23 -7.02
32 33 24 24 -9.79
32 33 25 25 -9.305
32 33 26 26 -8.19
32 33 27 27 -15.27
32 33 28 28 -12.84
32 33 29 29 -8.78
32 33 30 30 -14.414
32 33 31 31 -14.89
33 34 1 1 0.09576
33 34 2 2 7.844
33 34 3 3 -0.7637
33 34 4 4 -5.375
33 34 5 5 -9.1
33 34 6 6 -5.16
33 34 7 7 -2.951
33 34 8 8 -4.91
33 34 9 9 -4.73
33 34 10 10 -6.76
33 34 11 11 -4.53
33 34 12 12 -5.86
33 34 13 13 -6.55
33 34 14 14 -4.61
33 34 15 15 -7.48
33 34 16 16 -3.215
33 34 17 17 -7.11
33 34 18 18 -7.367
33 34 19 19 -7.375
33 34 20 20 -8.89
33 34 21 21 -9.59
33 34 22 22 -7.176
33 34 23 23 -8.43
33 34 24 24 -11.47
33 34 25 25 -8.13
33 34 26 26 -8.65
33 34 27 27 -4.418
33 34 28 28 -7.895
33 34 29 29 -6.465
33 34 30 30 -8.19
33 34 31 31 -9.016
34 35 1 1 9.68
34 35 2 2 -6.62
34 35 3 3 -5.46
34 35 4 4 -4.305
34 35 5 5 -7.42
34 35 6 6 -6.473
34 35 7 7 -6.25
34 35 8 8 -5.887
34 35 9 9 -6.07
34 35 10 10 -6.977
34 35 11 11 -7.06
34 35 12 12 -4.043
34 35 13 13 -7.2
34 35 14 14 -6.223
34 35 15 15 -6.418
34 35 16 16 -4.504
34 35 17 17 -9.0
34 35 18 18 -7.34
34 35 19 19 -6.824
34 35 20 20 -7.426
34 35 21 21 -9.914
34 35 22 22 -9.18
34 35 23 23 -7.41
34 35 24 24 -9.45
34 35 25 25 -8.84
34 35 26 26 -8.34
34 35 27 27 -15.6
34 35 28 28 -13.41
34 35 29 29 -9.14
34 35 30 30 -14.66
34 35 31 31 -15.04
35 36 1 1 6.21
35 36 2 2 -2.889
35 36 3 3 -4.74
35 36 4 4 -3.104
35 36 5 5 -3.576
35 36 6 6 -3.783
35 36 7 7 -4.395
35 36 8 8 -4.664
35 36 9 9 -5.707
35 36 10 10 -4.21
35 36 11 11 -5.3
35 36 12 12 -2.367
35 36 13 13 -4.266
35 36 14 14 -5.242
35 36 15 15 -4.23
35 36 16 16 9.69
35 36 17 17 -5.92
35 36 18 18 -3.92
35 36 19 19 -4.816
35 36 20 20 -6.418
35 36 21 21 -5.684
35 36 22 22 -4.266
35 36 23 23 -6.406
35 36 24 24 -8.66
35 36 25 25 -8.4
35 36 26 26 -7.797
35 36 27 27 -10.95
35 36 28 28 -10.58
35 36 29 29 -4.258
35 36 30 30 -9.53
35 36 31 31 -9.516
36 37 1 1 9.64
36 37 2 2 -7.055
36 37 3 3 -4.973
36 37 4 4 -4.453
36 37 5 5 -6.89
36 37 6 6 -6.41
36 37 7 7 -6.09
36 37 8 8 -4.684
36 37 9 9 -5.938
36 37 10 10 -6.918
36 37 11 11 -7.32
36 37 12 12 -4.1
36 37 13 13 -7.2
36 37 14 14 -6.23
36 37 15 15 -6.31
36 37 16 16 -5.28
36 37 17 17 -8.375
36 37 18 18 -7.168
36 37 19 19 -6.48
36 37 20 20 -6.92
36 37 21 21 -9.72
36 37 22 22 -8.85
36 37 23 23 -7.168
36 37 24 24 -9.35
36 37 25 25 -8.664
36 37 26 26 -8.1
36 37 27 27 -15.34
36 37 28 28 -13.055
36 37 29 29 -9.12
36 37 30 30 -14.57
36 37 31 31 -14.93
37 38 1 1 3.578
37 38 2 2 -6.254
37 38 3 3 -8.45
37 38 4 4 -3.338
37 38 5 5 -3.396
37 38 6 6 -4.82
37 38 7 7 -4.953
37 38 8 8 13.195
37 38 9 9 -10.164
37 38 10 10 -2.855
37 38 11 11 -7.535
37 38 12 12 -2.639
37 38 13 13 -8.82
37 38 14 14 -6.113
37 38 15 15 -0.889
37 38 16 16 -0.8545
37 38 17 17 -3.303
37 38 18 18 -5.383
37 38 19 19 -7.406
37 38 20 20 -5.797
37 38 21 21 -5.52
37 38 22 22 -5.816
37 38 23 23 -6.3
37 38 24 24 -11.63
37 38 25 25 -9.914
37 38 26 26 -6.977
37 38 27 27 -6.09
37 38 28 28 -8.86
37 38 29 29 -2.184
37 38 30 30 -11.1
37 38 31 31 -10.52
38 39 1 1 9.914
38 39 2 2 -6.96
38 39 3 3 -5.05
38 39 4 4 -4.664
38 39 5 5 -7.066
38 39 6 6 -6.06
38 39 7 7 -5.83
38 39 8 8 -5.113
38 39 9 9 -6.22
38 39 10 10 -6.777
38 39 11 11 -7.242
38 39 12 12 -4.152
38 39 13 13 -7.06
38 39 14 14 -6.324
38 39 15 15 -6.477
38 39 16 16 -5.863
38 39 17 17 -8.77
38 39 18 18 -7.723
38 39 19 19 -6.637
38 39 20 20 -7.297
38 39 21 21 -10.125
38 39 22 22 -9.21
38 39 23 23 -7.383
38 39 24 24 -9.62
38 39 25 25 -8.914
38 39 26 26 -8.15
38 39 27 27 -15.54
38 39 28 28 -13.12
38 39 29 29 -9.45
38 39 30 30 -14.83
38 39 31 31 -15.2
39 40 1 1 9.89
39 40 2 2 -7.01
39 40 3 3 -4.32
39 40 4 4 -4.418
39 40 5 5 -7.156
39 40 6 6 -6.14
39 40 7 7 -5.83
39 40 8 8 -5.438
39 40 9 9 -6.13
39 40 10 10 -6.855
39 40 11 11 -7.4
39 40 12 12 -4.13
39 40 13 13 -7.043
39 40 14 14 -6.234
39 40 15 15 -6.582
39 40 16 16 -5.844
39 40 17 17 -8.7
39 40 18 18 -7.805
39 40 19 19 -6.64
39 40 20 20 -7.234
39 40 21 21 -10.06
39 40 22 22 -9.234
39 40 23 23 -7.43
39 40 24 24 -9.6
39 40 25 25 -8.9
39 40 26 26 -8.33
39 40 27 27 -15.516
39 40 28 28 -13.125
39 40 29 29 -9.41
39 40 30 30 -14.78
39 40 31 31 -15.164
40 41 1 1 1.477
40 41 2 2 -3.916
40 41 3 3 10.31
40 41 4 4 -3.059
40 41 5 5 -7.414
40 41 6 6 -2.697
40 41 7 7 -2.166
40 41 8 8 -4.86
40 41 9 9 -5.332
40 41 10 10 -5.125
40 41 11 11 -5.9
40 41 12 12 -4.027
40 41 13 13 -3.322
40 41 14 14 -4.414
40 41 15 15 -7.59
40 41 16 16 -2.453
40 41 17 17 -4.266
40 41 18 18 -9.45
40 41 19 19 -6.055
40 41 20 20 -4.11
40 41 21 21 -6.17
40 41 22 22 -5.883
40 41 23 23 -7.49
40 41 24 24 -10.79
40 41 25 25 -10.0
40 41 26 26 -9.32
40 41 27 27 -5.164
40 41 28 28 -7.004
40 41 29 29 -6.605
40 41 30 30 -8.89
40 41 31 31 -9.586
41 42 1 1 9.99
41 42 2 2 -7.17
41 42 3 3 -4.63
41 42 4 4 -4.367
41 42 5 5 -7.16
41 42 6 6 -6.56
41 42 7 7 -6.08
41 42 8 8 -5.688
41 42 9 9 -6.18
41 42 10 10 -6.9
41 42 11 11 -7.49
41 42 12 12 -4.17
41 42 13 13 -6.81
41 42 14 14 -6.03
41 42 15 15 -6.566
41 42 16 16 -5.844
41 42 17 17 -8.77
41 42 18 18 -7.594
41 42 19 19 -6.625
41 42 20 20 -7.145
41 42 21 21 -10.01
41 42 22 22 -9.31
41 42 23 23 -7.418
41 42 24 24 -9.36
41 42 25 25 -8.625
41 42 26 26 -8.336
41 42 27 27 -15.69
41 42 28 28 -13.16
41 42 29 29 -9.46
41 42 30 30 -14.875
41 42 31 31 -15.24
42 43 1 1 10.0
42 43 2 2 -7.06
42 43 3 3 -4.89
42 43 4 4 -4.426
42 43 5 5 -7.17
42 43 6 6 -6.453
42 43 7 7 -6.047
42 43 8 8 -5.73
42 43 9 9 -6.09
42 43 10 10 -6.85
42 43 11 11 -7.383
42 43 12 12 -4.168
42 43 13 13 -6.902
42 43 14 14 -6.043
42 43 15 15 -6.57
42 43 16 16 -5.85
42 43 17 17 -8.86
42 43 18 18 -7.59
42 43 19 19 -6.67
42 43 20 20 -7.277
42 43 21 21 -10.086
42 43 22 22 -9.336
42 43 23 23 -7.477
42 43 24 24 -9.41
42 43 25 25 -8.7
42 43 26 26 -8.31
42 43 27 27 -15.71
42 43 28 28 -13.2
42 43 29 29 -9.51
42 43 30 30 -14.91
42 43 31 31 -15.28
43 44 1 1 10.01
43 44 2 2 -7.01
43 44 3 3 -5.02
43 44 4 4 -4.45
43 44 5 5 -7.18
43 44 6 6 -6.38
43 44 7 7 -6.06
43 44 8 8 -5.758
43 44 9 9 -6.113
43 44 10 10 -6.797
43 44 11 11 -7.36
43 44 12 12 -4.17
43 44 13 13 -6.957
43 44 14 14 -6.06
43 44 15 15 -6.566
43 44 16 16 -5.812
43 44 17 17 -8.94
43 44 18 18 -7.617
43 44 19 19 -6.7
43 44 20 20 -7.37
43 44 21 21 -10.16
43 44 22 22 -9.32
43 44 23 23 -7.52
43 44 24 24 -9.46
43 44 25 25 -8.78
43 44 26 26 -8.31
43 44 27 27 -15.734
43 44 28 28 -13.234
43 44 29 29 -9.54
43 44 30 30 -14.93
43 44 31 31 -15.31
44 45 1 1 9.96
44 45 2 2 -7.023
44 45 3 3 -5.133
44 45 4 4 -4.49
44 45 5 5 -7.164
44 45 6 6 -6.41
44 45 7 7 -6.137
44 45 8 8 -5.734
44 45 9 9 -6.117
44 45 10 10 -6.793
44 45 11 11 -7.363
44 45 12 12 -4.16
44 45 13 13 -6.676
44 45 14 14 -6.15
44 45 15 15 -6.516
44 45 16 16 -5.785
44 45 17 17 -8.89
44 45 18 18 -7.516
44 45 19 19 -6.656
44 45 20 20 -7.2
44 45 21 21 -10.05
44 45 22 22 -9.266
44 45 23 23 -7.46
44 45 24 24 -9.375
44 45 25 25 -8.64
44 45 26 26 -8.21
44 45 27 27 -15.664
44 45 28 28 -13.125
44 45 29 29 -9.49
44 45 30 30 -14.87
44 45 31 31 -15.24
45 46 1 1 3.121
45 46 2 2 -7.75
45 46 3 3 -7.293
45 46 4 4 -2.553
45 46 5 5 -9.25
45 46 6 6 -6.74
45 46 7 7 -8.05
45 46 8 8 -5.55
45 46 9 9 -9.44
45 46 10 10 -1.817
45 46 11 11 -9.484
45 46 12 12 -3.117
45 46 13 13 11.63
45 46 14 14 -5.914
45 46 15 15 -4.438
45 46 16 16 -6.574
45 46 17 17 -7.78
45 46 18 18 -2.822
45 46 19 19 -3.568
45 46 20 20 -1.227
45 46 21 21 -6.043
45 46 22 22 -8.39
45 46 23 23 -6.562
45 46 24 24 -7.336
45 46 25 25 -1.895
45 46 26 26 -5.15
45 46 27 27 -2.744
45 46 28 28 -2.832
45 46 29 29 -10.23
45 46 30 30 -12.37
45 46 31 31 -11.09
46 47 1 1 9.93
46 47 2 2 -6.996
46 47 3 3 -5.227
46 47 4 4 -4.605
46 47 5 5 -7.156
46 47 6 6 -6.207
46 47 7 7 -6.145
46 47 8 8 -5.793
46 47 9 9 -6.176
46 47 10 10 -6.965
46 47 11 11 -7.375
46 47 12 12 -3.996
46 47 13 13 -6.418
46 47 14 14 -6.19
46 47 15 15 -6.74
46 47 16 16 -5.773
46 47 17 17 -8.98
46 47 18 18 -7.453
46 47 19 19 -6.656
46 47 20 20 -6.996
46 47 21 21 -9.98
46 47 22 22 -9.445
46 47 23 23 -7.18
46 47 24 24 -9.23
46 47 25 25 -8.53
46 47 26 26 -8.23
46 47 27 27 -15.555
46 47 28 28 -13.03
46 47 29 29 -9.58
46 47 30 30 -14.81
46 47 31 31 -15.195
47 48 1 1 9.91
47 48 2 2 -6.8
47 48 3 3 -5.254
47 48 4 4 -4.516
47 48 5 5 -7.29
47 48 6 6 -5.91
47 48 7 7 -5.957
47 48 8 8 -5.79
47 48 9 9 -6.082
47 48 10 10 -6.86
47 48 11 11 -7.46
47 48 12 12 -3.383
47 48 13 13 -7.043
47 48 14 14 -6.25
47 48 15 15 -6.715
47 48 16 16 -5.86
47 48 17 17 -9.01
47 48 18 18 -7.652
47 48 19 19 -6.984
47 48 20 20 -7.26
47 48 21 21 -10.04
47 48 22 22 -9.62
47 48 23 23 -7.297
47 48 24 24 -9.49
47 48 25 25 -8.93
47 48 26 26 -8.41
47 48 27 27 -15.53
47 48 28 28 -13.2
47 48 29 29 -9.66
47 48 30 30 -14.83
47 48 31 31 -15.234
48 49 1 1 1.603
48 49 2 2 -3.785
48 49 3 3 -9.305
48 49 4 4 -3.49
48 49 5 5 -5.49
48 49 6 6 -2.682
48 49 7 7 -7.758
48 49 8 8 -6.684
48 49 9 9 -11.055
48 49 10 10 -2.21
48 49 11 11 -5.984
48 49 12 12 10.84
48 49 13 13 -2.836
48 49 14 14 -7.984
48 49 15 15 -5.766
48 49 16 16 -3.367
48 49 17 17 -7.664
48 49 18 18 -6.57
48 49 19 19 -8.53
48 49 20 20 -4.945
48 49 21 21 -5.914
48 49 22 22 -10.62
48 49 23 23 -2.861
48 49 24 24 -6.793
48 49 25 25 -7.523
48 49 26 26 -8.11
48 49 27 27 -4.46
48 49 28 28 -5.977
48 49 29 29 -5.637
48 49 30 30 -10.34
48 49 31 31 -10.72
49 50 1 1 9.99
49 50 2 2 -6.74
49 50 3 3 -5.12
49 50 4 4 -4.6
49 50 5 5 -7.336
49 50 6 6 -6.406
49 50 7 7 -5.934
49 50 8 8 -5.8
49 50 9 9 -5.977
49 50 10 10 -6.816
49 50 11 11 -7.133
49 50 12 12 -4.17
49 50 13 13 -6.72
49 50 14 14 -6.293
49 50 15 15 -6.652
49 50 16 16 -5.59
49 50 17 17 -9.266
49 50 18 18 -7.83
49 50 19 19 -6.88
49 50 20 20 -7.543
49 50 21 21 -10.27
49 50 22 22 -9.47
49 50 23 23 -7.57
49 50 24 24 -9.664
49 50 25 25 -8.89
49 50 26 26 -8.34
49 50 27 27 -15.6
49 50 28 28 -13.28
49 50 29 29 -9.61
49 50 30 30 -14.91
49 50 31 31 -15.27
50 51 1 1 7.105
50 51 2 2 -3.38
50 51 3 3 -4.97
50 51 4 4 -2.908
50 51 5 5 -4.21
50 51 6 6 -3.965
50 51 7 7 -4.887
50 51 8 8 -5.76
50 51 9 9 -6.28
50 51 10 10 -4.324
50 51 11 11 -6.2
50 51 12 12 -2.107
50 51 13 13 -4.242
50 51 14 14 -5.72
50 51 15 15 -4.62
50 51 16 16 9.7
50 51 17 17 -6.93
50 51 18 18 -4.72
50 51 19 19 -5.59
50 51 20 20 -7.023
50 51 21 21 -6.6
50 51 22 22 -5.3
50 51 23 23 -7.13
50 51 24 24 -9.43
50 51 25 25 -8.94
50 51 26 26 -8.62
50 51 27 27 -11.39
50 51 28 28 -11.11
50 51 29 29 -4.99
50 51 30 30 -10.016
50 51 31 31 -9.98
51 52 1 1 5.53
51 52 2 2 -4.47
51 52 3 3 -5.05
51 52 4 4 -2.906
51 52 5 5 -2.982
51 52 6 6 -2.92
51 52 7 7 -4.805
51 52 8 8 -5.32
51 52 9 9 -6.03
51 52 10 10 -3.791
51 52 11 11 -5.6
51 52 12 12 0.7705
51 52 13 13 -3.85
51 52 14 14 -5.293
51 52 15 15 -4.06
51 52 16 16 9.47
51 52 17 17 -5.35
51 52 18 18 -2.934
51 52 19 19 -5.312
51 52 20 20 -5.598
51 52 21 21 -4.508
51 52 22 22 -4.008
51 52 23 23 -5.79
51 52 24 24 -7.785
51 52 25 25 -8.16
51 52 26 26 -7.246
51 52 27 27 -10.63
51 52 28 28 -10.16
51 52 29 29 -4.13
51 52 30 30 -9.21
51 52 31 31 -9.27
52 53 1 1 1.316
52 53 2 2 -6.76
52 53 3 3 -7.52
52 53 4 4 -3.748
52 53 5 5 -2.736
52 53 6 6 -1.085
52 53 7 7 -3.418
52 53 8 8 -4.652
52 53 9 9 -3.715
52 53 10 10 -2.758
52 53 11 11 -5.3
52 53 12 12 9.42
52 53 13 13 -5.754
52 53 14 14 -7.227
52 53 15 15 -1.602
52 53 16 16 -2.885
52 53 17 17 -6.18
52 53 18 18 -4.53
52 53 19 19 -8.37
52 53 20 20 -4.805
52 53 21 21 -5.32
52 53 22 22 -8.016
52 53 23 23 -6.68
52 53 24 24 -7.94
52 53 25 25 -8.27
52 53 26 26 -5.86
52 53 27 27 -4.53
52 53 28 28 -6.44
52 53 29 29 -5.395
52 53 30 30 -9.07
52 53 31 31 -8.93
53 54 1 1 0.88
53 54 2 2 -1.767
53 54 3 3 -3.133
53 54 4 4 -6.062
53 54 5 5 -4.582
53 54 6 6 -0.126
53 54 7 7 -3.404
53 54 8 8 -4.21
53 54 9 9 8.25
53 54 10 10 -5.57
53 54 11 11 -3.076
53 54 12 12 0.1062
53 54 13 13 -5.527
53 54 14 14 -3.717
53 54 15 15 -4.047
53 54 16 16 -7.508
53 54 17 17 -7.953
53 54 18 18 -5.832
53 54 19 19 -7.367
53 54 20 20 -4.19
53 54 21 21 -5.49
53 54 22 22 -6.574
53 54 23 23 -6.008
53 54 24 24 -9.07
53 54 25 25 -7.934
53 54 26 26 -6.926
53 54 27 27 -5.43
53 54 28 28 -8.516
53 54 29 29 -6.387
53 54 30 30 -8.94
53 54 31 31 -9.15
54 55 1 1 9.71
54 55 2 2 -6.887
54 55 3 3 -5.074
54 55 4 4 -4.184
54 55 5 5 -7.156
54 55 6 6 -6.188
54 55 7 7 -5.94
54 55 8 8 -5.56
54 55 9 9 -4.797
54 55 10 10 -6.9
54 55 11 11 -7.24
54 55 12 12 -4.055
54 55 13 13 -7.43
54 55 14 14 -5.816
54 55 15 15 -6.07
54 55 16 16 -5.676
54 55 17 17 -8.87
54 55 18 18 -7.176
54 55 19 19 -6.836
54 55 20 20 -7.402
54 55 21 21 -9.86
54 55 22 22 -9.16
54 55 23 23 -7.594
54 55 24 24 -9.54
54 55 25 25 -8.86
54 55 26 26 -8.31
54 55 27 27 -15.52
54 55 28 28 -13.42
54 55 29 29 -9.19
54 55 30 30 -14.7
54 55 31 31 -15.07
55 56 1 1 9.71
55 56 2 2 -6.785
55 56 3 3 -5.332
55 56 4 4 -4.348
55 56 5 5 -7.348
55 56 6 6 -6.188
55 56 7 7 -5.91
55 56 8 8 -5.727
55 56 9 9 -5.414
55 56 10 10 -6.76
55 56 11 11 -7.004
55 56 12 12 -4.004
55 56 13 13 -7.504
55 56 14 14 -6.1
55 56 15 15 -6.293
55 56 16 16 -5.0
55 56 17 17 -9.17
55 56 18 18 -7.34
55 56 19 19 -6.78
55 56 20 20 -7.496
55 56 21 21 -10.07
55 56 22 22 -9.29
55 56 23 23 -7.527
55 56 24 24 -9.664
55 56 25 25 -9.1
55 56 26 26 -8.34
55 56 27 27 -15.55
55 56 28 28 -13.55
55 56 29 29 -9.39
55 56 30 30 -14.71
55 56 31 31 -15.09
56 57 1 1 5.883
56 57 2 2 -2.986
56 57 3 3 -4.684
56 57 4 4 -2.889
56 57 5 5 -3.668
56 57 6 6 -3.33
56 57 7 7 -4.656
56 57 8 8 -5.152
56 57 9 9 -5.55
56 57 10 10 -3.762
56 57 11 11 -5.434
56 57 12 12 -1.371
56 57 13 13 -4.367
56 57 14 14 -5.05
56 57 15 15 -3.932
56 57 16 16 9.586
56 57 17 17 -5.895
56 57 18 18 -3.607
56 57 19 19 -5.094
56 57 20 20 -6.277
56 57 21 21 -5.37
56 57 22 22 -4.324
56 57 23 23 -6.164
56 57 24 24 -8.484
56 57 25 25 -8.34
56 57 26 26 -7.715
56 57 27 27 -10.72
56 57 28 28 -10.484
56 57 29 29 -4.457
56 57 30 30 -9.32
56 57 31 31 -9.34
57 58 1 1 9.46
57 58 2 2 -6.906
57 58 3 3 -5.094
57 58 4 4 -4.04
57 58 5 5 -7.625
57 58 6 6 -6.254
57 58 7 7 -6.215
57 58 8 8 -5.97
57 58 9 9 -6.15
57 58 10 10 -7.01
57 58 11 11 -7.895
57 58 12 12 -2.451
57 58 13 13 -6.918
57 58 14 14 -5.984
57 58 15 15 -6.73
57 58 16 16 -4.84
57 58 17 17 -8.95
57 58 18 18 -7.074
57 58 19 19 -7.31
57 58 20 20 -6.715
57 58 21 21 -9.29
57 58 22 22 -9.57
57 58 23 23 -7.246
57 58 24 24 -9.16
57 58 25 25 -8.72
57 58 26 26 -8.41
57 58 27 27 -15.04
57 58 28 28 -13.11
57 58 29 29 -9.39
57 58 30 30 -14.4
57 58 31 31 -14.8
58 59 1 1 0.5767
58 59 2 2 -7.324
58 59 3 3 -8.59
58 59 4 4 -2.344
58 59 5 5 -5.15
58 59 6 6 -3.543
58 59 7 7 -7.797
58 59 8 8 -4.777
58 59 9 9 -8.81
58 59 10 10 -3.15
58 59 11 11 -7.395
58 59 12 12 10.805
58 59 13 13 -3.262
58 59 14 14 -7.332
58 59 15 15 -3.34
58 59 16 16 -4.28
58 59 17 17 -5.254
58 59 18 18 -4.246
58 59 19 19 -7.31
58 59 20 20 -2.178
58 59 21 21 -3.787
58 59 22 22 -7.9
58 59 23 23 -4.918
58 59 24 24 -6.31
58 59 25 25 -5.363
58 59 26 26 -5.32
58 59 27 27 -3.969
58 59 28 28 -4.695
58 59 29 29 -4.527
58 59 30 30 -9.76
58 59 31 31 -9.71
59 60 1 1 9.86
59 60 2 2 -6.984
59 60 3 3 -5.2
59 60 4 4 -4.434
59 60 5 5 -7.11
59 60 6 6 -6.13
59 60 7 7 -6.184
59 60 8 8 -5.67
59 60 9 9 -5.875
59 60 10 10 -6.902
59 60 11 11 -7.58
59 60 12 12 -3.672
59 60 13 13 -7.13
59 60 14 14 -5.812
59 60 15 15 -6.234
59 60 16 16 -5.895
59 60 17 17 -8.836
59 60 18 18 -7.527
59 60 19 19 -6.8
59 60 20 20 -7.21
59 60 21 21 -10.02
59 60 22 22 -9.42
59 60 23 23 -7.414
59 60 24 24 -9.33
59 60 25 25 -8.73
59 60 26 26 -8.24
59 60 27 27 -15.555
59 60 28 28 -13.14
59 60 29 29 -9.53
59 60 30 30 -14.81
59 60 31 31 -15.2
60 61 1 1 2.648
60 61 2 2 -1.512
60 61 3 3 -1.219
60 61 4 4 -3.812
60 61 5 5 -9.945
60 61 6 6 -3.379
60 61 7 7 -5.684
60 61 8 8 -8.45
60 61 9 9 -2.264
60 61 10 10 -10.76
60 61 11 11 -8.23
60 61 12 12 -4.215
60 61 13 13 -9.65
60 61 14 14 13.42
60 61 15 15 -2.605
60 61 16 16 -3.635
60 61 17 17 -10.32
60 61 18 18 -7.05
60 61 19 19 -9.27
60 61 20 20 -10.77
60 61 21 21 -6.535
60 61 22 22 -7.957
60 61 23 23 -8.625
60 61 24 24 -4.938
60 61 25 25 -8.805
60 61 26 26 -8.95
60 61 27 27 -7.426
60 61 28 28 -10.875
60 61 29 29 -8.32
60 61 30 30 -11.52
60 61 31 31 -12.27
61 62 1 1 9.82
61 62 2 2 -6.98
61 62 3 3 -4.957
61 62 4 4 -4.363
61 62 5 5 -7.074
61 62 6 6 -6.33
61 62 7 7 -6.207
61 62 8 8 -5.74
61 62 9 9 -6.066
61 62 10 10 -6.832
61 62 11 11 -7.62
61 62 12 12 -4.15
61 62 13 13 -7.215
61 62 14 14 -5.633
61 62 15 15 -5.5
61 62 16 16 -5.906
61 62 17 17 -8.49
61 62 18 18 -7.56
61 62 19 19 -6.504
61 62 20 20 -7.168
61 62 21 21 -9.99
61 62 22 22 -9.19
61 62 23 23 -7.395
61 62 24 24 -9.234
61 62 25 25 -8.47
61 62 26 26 -8.13
61 62 27 27 -15.484
61 62 28 28 -12.98
61 62 29 29 -9.39
61 62 30 30 -14.734
61 62 31 31 -15.11
62 63 1 1 2.812
62 63 2 2 -4.793
62 63 3 3 -2.127
62 63 4 4 -1.443
62 63 5 5 -5.875
62 63 6 6 -2.754
62 63 7 7 -3.818
62 63 8 8 -6.656
62 63 9 9 -5.324
62 63 10 10 -6.76
62 63 11 11 -9.63
62 63 12 12 -5.37
62 63 13 13 -6.855
62 63 14 14 -1.89
62 63 15 15 10.97
62 63 16 16 1.275
62 63 17 17 -7.008
62 63 18 18 -8.1
62 63 19 19 -8.04
62 63 20 20 -10.234
62 63 21 21 -8.72
62 63 22 22 -7.492
62 63 23 23 -8.01
62 63 24 24 -11.05
62 63 25 25 -7.176
62 63 26 26 -10.33
62 63 27 27 -4.613
62 63 28 28 -9.68
62 63 29 29 -4.402
62 63 30 30 -10.586
62 63 31 31 -9.82
63 64 1 1 6.1
63 64 2 2 -2.05
63 64 3 3 -2.994
63 64 4 4 5.105
63 64 5 5 -8.7
63 64 6 6 -8.266
63 64 7 7 -2.512
63 64 8 8 -9.74
63 64 9 9 -1.073
63 64 10 10 -6.082
63 64 11 11 -5.8
63 64 12 12 -6.797
63 64 13 13 -7.64
63 64 14 14 -2.23
63 64 15 15 6.617
63 64 16 16 -3.098
63 64 17 17 -7.48
63 64 18 18 -8.91
63 64 19 19 -5.9
63 64 20 20 -9.63
63 64 21 21 -10.28
63 64 22 22 -7.99
63 64 23 23 -4.13
63 64 24 24 -9.65
63 64 25 25 -5.85
63 64 26 26 -10.375
63 64 27 27 -5.18
63 64 28 28 -9.29
63 64 29 29 -1.987
63 64 30 30 -11.25
63 64 31 31 -10.414
64 65 1 1 3.113
64 65 2 2 -0.1642
64 65 3 3 -2.756
64 65 4 4 9.64
64 65 5 5 -12.7
64 65 6 6 -9.96
64 65 7 7 -1.625
64 65 8 8 -9.734
64 65 9 9 -3.78
64 65 10 10 -5.465
64 65 11 11 -8.164
64 65 12 12 -6.367
64 65 13 13 -7.363
64 65 14 14 -3.758
64 65 15 15 -6.758
64 65 16 16 -0.719
64 65 17 17 -9.59
64 65 18 18 -8.055
64 65 19 19 -6.504
64 65 20 20 -9.59
64 65 21 21 -10.586
64 65 22 22 -11.62
64 65 23 23 -3.326
64 65 24 24 -10.33
64 65 25 25 -6.973
64 65 26 26 -12.06
64 65 27 27 -5.055
64 65 28 28 -9.93
64 65 29 29 -5.496
64 65 30 30 -9.79
64 65 31 31 -9.945
65 66 1 1 8.11
65 66 2 2 -2.414
65 66 3 3 -8.15
65 66 4 4 3.229
65 66 5 5 -12.06
65 66 6 6 -9.125
65 66 7 7 -8.88
65 66 8 8 -9.88
65 66 9 9 -10.19
65 66 10 10 -5.242
65 66 11 11 -11.26
65 66 12 12 -7.21
65 66 13 13 -4.758
65 66 14 14 -7.285
65 66 15 15 -9.45
65 66 16 16 3.4
65 66 17 17 -13.3
65 66 18 18 -10.7
65 66 19 19 -6.21
65 66 20 20 -11.95
65 66 21 21 -12.1
65 66 22 22 -11.51
65 66 23 23 -9.73
65 66 24 24 -12.67
65 66 25 25 -9.93
65 66 26 26 -12.78
65 66 27 27 -6.105
65 66 28 28 -11.336
65 66 29 29 -7.465
65 66 30 30 -13.35
65 66 31 31 -13.21
66 67 1 1 5.535
66 67 2 2 -3.426
66 67 3 3 -5.215
66 67 4 4 -2.13
66 67 5 5 -3.854
66 67 6 6 -3.93
66 67 7 7 -4.7
66 67 8 8 -5.34
66 67 9 9 -5.85
66 67 10 10 -2.242
66 67 11 11 -4.918
66 67 12 12 -1.21
66 67 13 13 -4.438
66 67 14 14 -5.168
66 67 15 15 -4.316
66 67 16 16 9.75
66 67 17 17 -5.65
66 67 18 18 -3.375
66 67 19 19 -3.967
66 67 20 20 -6.848
66 67 21 21 -5.613
66 67 22 22 -3.473
66 67 23 23 -5.93
66 67 24 24 -8.32
66 67 25 25 -8.21
66 67 26 26 -7.125
66 67 27 27 -10.97
66 67 28 28 -10.36
66 67 29 29 -4.332
66 67 30 30 -9.35
66 67 31 31 -9.41
67 68 1 1 1.89
67 68 2 2 -9.17
67 68 3 3 -6.258
67 68 4 4 -5.38
67 68 5 5 -8.77
67 68 6 6 -6.066
67 68 7 7 -5.53
67 68 8 8 -7.023
67 68 9 9 -6.13
67 68 10 10 -5.297
67 68 11 11 -10.555
67 68 12 12 5.234
67 68 13 13 -8.51
67 68 14 14 -6.55
67 68 15 15 -8.26
67 68 16 16 7.21
67 68 17 17 -9.46
67 68 18 18 -5.777
67 68 19 19 -13.445
67 68 20 20 -10.65
67 68 21 21 -7.64
67 68 22 22 -9.5
67 68 23 23 -11.77
67 68 24 24 -11.29
67 68 25 25 -13.06
67 68 26 26 -9.78
67 68 27 27 -10.11
67 68 28 28 -12.32
67 68 29 29 -9.88
67 68 30 30 -10.37
67 68 31 31 -10.4
68 69 1 1 0.9087
68 69 2 2 -6.617
68 69 3 3 -7.656
68 69 4 4 -2.578
68 69 5 5 -4.496
68 69 6 6 -2.418
68 69 7 7 -4.25
68 69 8 8 -5.32
68 69 9 9 -3.916
68 69 10 10 -1.105
68 69 11 11 -5.863
68 69 12 12 10.24
68 69 13 13 -7.367
68 69 14 14 -8.33
68 69 15 15 -2.707
68 69 16 16 -1.354
68 69 17 17 -5.67
68 69 18 18 -3.166
68 69 19 19 -8.88
68 69 20 20 -6.234
68 69 21 21 -4.348
68 69 22 22 -6.86
68 69 23 23 -7.277
68 69 24 24 -8.75
68 69 25 25 -8.67
68 69 26 26 -6.465
68 69 27 27 -5.918
68 69 28 28 -7.477
68 69 29 29 -4.7
68 69 30 30 -9.016
68 69 31 31 -8.984
69 70 1 1 0.9014
69 70 2 2 -0.5273
69 70 3 3 -4.65
69 70 4 4 -5.645
69 70 5 5 -6.305
69 70 6 6 -0.8223
69 70 7 7 -4.78
69 70 8 8 -5.887
69 70 9 9 8.48
69 70 10 10 -6.02
69 70 11 11 -2.846
69 70 12 12 -1.274
69 70 13 13 -5.895
69 70 14 14 -4.215
69 70 15 15 -4.598
69 70 16 16 -4.754
69 70 17 17 -8.97
69 70 18 18 -6.16
69 70 19 19 -7.74
69 70 20 20 -5.75
69 70 21 21 -6.0
69 70 22 22 -6.477
69 70 23 23 -6.113
69 70 24 24 -9.49
69 70 25 25 -7.875
69 70 26 26 -7.41
69 70 27 27 -6.133
69 70 28 28 -9.2
69 70 29 29 -6.402
69 70 30 30 -8.984
69 70 31 31 -9.24
70 71 1 1 9.68
70 71 2 2 -6.797
70 71 3 3 -5.234
70 71 4 4 -4.15
70 71 5 5 -7.19
70 71 6 6 -6.14
70 71 7 7 -6.098
70 71 8 8 -5.7
70 71 9 9 -4.867
70 71 10 10 -6.9
70 71 11 11 -7.24
70 71 12 12 -4.07
70 71 13 13 -7.434
70 71 14 14 -5.883
70 71 15 15 -6.082
70 71 16 16 -5.5
70 71 17 17 -8.875
70 71 18 18 -6.996
70 71 19 19 -6.824
70 71 20 20 -7.395
70 71 21 21 -9.83
70 71 22 22 -9.19
70 71 23 23 -7.49
70 71 24 24 -9.49
70 71 25 25 -8.83
70 71 26 26 -8.36
70 71 27 27 -15.53
70 71 28 28 -13.48
70 71 29 29 -9.125
70 71 30 30 -14.695
70 71 31 31 -15.06
71 72 1 1 6.223
71 72 2 2 -5.69
71 72 3 3 -6.945
71 72 4 4 -3.871
71 72 5 5 -3.807
71 72 6 6 -4.453
71 72 7 7 -5.367
71 72 8 8 -5.926
71 72 9 9 -4.715
71 72 10 10 -5.473
71 72 11 11 -5.84
71 72 12 12 -2.904
71 72 13 13 -7.52
71 72 14 14 -5.08
71 72 15 15 -2.156
71 72 16 16 10.56
71 72 17 17 -5.67
71 72 18 18 -2.305
71 72 19 19 -4.664
71 72 20 20 -7.03
71 72 21 21 -4.824
71 72 22 22 -5.16
71 72 23 23 -5.81
71 72 24 24 -8.63
71 72 25 25 -9.08
71 72 26 26 -8.52
71 72 27 27 -12.055
71 72 28 28 -12.875
71 72 29 29 -4.887
71 72 30 30 -10.54
71 72 31 31 -10.484
72 73 1 1 5.97
72 73 2 2 -2.836
72 73 3 3 -4.62
72 73 4 4 -3.16
72 73 5 5 -3.469
72 73 6 6 -3.463
72 73 7 7 -4.523
72 73 8 8 -5.438
72 73 9 9 -5.26
72 73 10 10 -4.504
72 73 11 11 -5.285
72 73 12 12 -2.102
72 73 13 13 -4.383
72 73 14 14 -4.965
72 73 15 15 -4.15
72 73 16 16 9.7
72 73 17 17 -5.957
72 73 18 18 -3.639
72 73 19 19 -4.83
72 73 20 20 -5.723
72 73 21 21 -5.285
72 73 22 22 -4.566
72 73 23 23 -5.844
72 73 24 24 -8.14
72 73 25 25 -8.12
72 73 26 26 -7.766
72 73 27 27 -10.87
72 73 28 28 -10.58
72 73 29 29 -4.344
72 73 30 30 -9.43
72 73 31 31 -9.445
73 74 1 1 4.047
73 74 2 2 -3.627
73 74 3 3 -5.8
73 74 4 4 -5.32
73 74 5 5 -2.494
73 74 6 6 -3.543
73 74 7 7 -8.836
73 74 8 8 -3.883
73 74 9 9 -6.258
73 74 10 10 -7.254
73 74 11 11 -9.19
73 74 12 12 -1.311
73 74 13 13 -6.26
73 74 14 14 -9.2
73 74 15 15 -4.8
73 74 16 16 2.988
73 74 17 17 -4.746
73 74 18 18 -3.451
73 74 19 19 -3.5
73 74 20 20 10.445
73 74 21 21 1.862
73 74 22 22 -5.996
73 74 23 23 2.014
73 74 24 24 0.5703
73 74 25 25 -3.656
73 74 26 26 -5.996
73 74 27 27 -5.81
73 74 28 28 -7.668
73 74 29 29 -1.907
73 74 30 30 -8.33
73 74 31 31 -8.47
74 75 1 1 7.09
74 75 2 2 -5.957
74 75 3 3 -4.41
74 75 4 4 -6.625
74 75 5 5 -5.566
74 75 6 6 8.15
74 75 7 7 -5.0
74 75 8 8 -5.945
74 75 9 9 -4.5
74 75 10 10 -7.86
74 75 11 11 -9.02
74 75 12 12 -2.148
74 75 13 13 -6.867
74 75 14 14 -5.363
74 75 15 15 -5.355
74 75 16 16 -7.895
74 75 17 17 -6.76
74 75 18 18 -4.83
74 75 19 19 -3.68
74 75 20 20 7.973
74 75 21 21 -2.793
74 75 22 22 -9.5
74 75 23 23 -1.333
74 75 24 24 -5.305
74 75 25 25 -7.312
74 75 26 26 -5.176
74 75 27 27 -6.637
74 75 28 28 -7.355
74 75 29 29 -7.7
74 75 30 30 -12.39
74 75 31 31 -12.97
75 76 1 1 1.55
75 76 2 2 -6.914
75 76 3 3 -2.754
75 76 4 4 -3.836
75 76 5 5 -4.844
75 76 6 6 9.46
75 76 7 7 -5.32
75 76 8 8 -3.902
75 76 9 9 -7.676
75 76 10 10 -2.342
75 76 11 11 -6.37
75 76 12 12 -5.05
75 76 13 13 -6.797
75 76 14 14 -3.486
75 76 15 15 -1.002
75 76 16 16 -4.434
75 76 17 17 -6.723
75 76 18 18 -6.08
75 76 19 19 -3.04
75 76 20 20 -1.633
75 76 21 21 -4.24
75 76 22 22 -5.703
75 76 23 23 -3.227
75 76 24 24 -7.91
75 76 25 25 -8.38
75 76 26 26 -3.611
75 76 27 27 -5.258
75 76 28 28 -6.32
75 76 29 29 -6.695
75 76 30 30 -10.19
75 76 31 31 -9.99
76 77 1 1 9.48
76 77 2 2 -6.684
76 77 3 3 -4.836
76 77 4 4 -4.59
76 77 5 5 -6.98
76 77 6 6 -5.01
76 77 7 7 -5.83
76 77 8 8 -5.477
76 77 9 9 -5.723
76 77 10 10 -6.68
76 77 11 11 -7.285
76 77 12 12 -4.508
76 77 13 13 -7.758
76 77 14 14 -5.81
76 77 15 15 -4.4
76 77 16 16 -6.086
76 77 17 17 -8.24
76 77 18 18 -7.676
76 77 19 19 -6.41
76 77 20 20 -7.355
76 77 21 21 -9.93
76 77 22 22 -8.84
76 77 23 23 -7.21
76 77 24 24 -9.54
76 77 25 25 -8.625
76 77 26 26 -7.785
76 77 27 27 -14.96
76 77 28 28 -12.75
76 77 29 29 -9.12
76 77 30 30 -14.39
76 77 31 31 -14.79
77 78 1 1 2.328
77 78 2 2 -4.785
77 78 3 3 -3.5
77 78 4 4 -2.844
77 78 5 5 -5.13
77 78 6 6 1.052
77 78 7 7 -3.95
77 78 8 8 -3.621
77 78 9 9 -5.195
77 78 10 10 -5.7
77 78 11 11 -8.34
77 78 12 12 -5.363
77 78 13 13 -7.434
77 78 14 14 -2.578
77 78 15 15 11.0
77 78 16 16 -0.981
77 78 17 17 -6.766
77 78 18 18 -6.7
77 78 19 19 -7.14
77 78 20 20 -9.875
77 78 21 21 -7.676
77 78 22 22 -7.023
77 78 23 23 -7.332
77 78 24 24 -11.33
77 78 25 25 -7.19
77 78 26 26 -8.664
77 78 27 27 -3.617
77 78 28 28 -9.37
77 78 29 29 -4.543
77 78 30 30 -10.56
77 78 31 31 -9.78
78 79 1 1 9.67
78 79 2 2 -6.766
78 79 3 3 -5.043
78 79 4 4 -4.31
78 79 5 5 -7.047
78 79 6 6 -6.203
78 79 7 7 -5.844
78 79 8 8 -5.688
78 79 9 9 -5.62
78 79 10 10 -6.76
78 79 11 11 -7.207
78 79 12 12 -4.54
78 79 13 13 -7.277
78 79 14 14 -6.023
78 79 15 15 -4.703
78 79 16 16 -5.965
78 79 17 17 -8.336
78 79 18 18 -7.695
78 79 19 19 -6.39
78 79 20 20 -7.21
78 79 21 21 -9.96
78 79 22 22 -9.04
78 79 23 23 -7.297
78 79 24 24 -9.39
78 79 25 25 -8.32
78 79 26 26 -7.9
78 79 27 27 -15.195
78 79 28 28 -12.836
78 79 29 29 -8.99
78 79 30 30 -14.516
78 79 31 31 -14.875
79 80 1 1 9.75
79 80 2 2 -7.027
79 80 3 3 -4.855
79 80 4 4 -4.4
79 80 5 5 -7.023
79 80 6 6 -6.312
79 80 7 7 -4.805
79 80 8 8 -5.6
79 80 9 9 -5.566
79 80 10 10 -6.676
79 80 11 11 -6.84
79 80 12 12 -4.39
79 80 13 13 -7.207
79 80 14 14 -6.004
79 80 15 15 -5.945
79 80 16 16 -5.99
79 80 17 17 -8.45
79 80 18 18 -7.652
79 80 19 19 -6.453
79 80 20 20 -7.24
79 80 21 21 -10.1
79 80 22 22 -9.06
79 80 23 23 -7.477
79 80 24 24 -9.445
79 80 25 25 -8.695
79 80 26 26 -7.93
79 80 27 27 -15.25
79 80 28 28 -12.91
79 80 29 29 -9.3
79 80 30 30 -14.58
79 80 31 31 -14.94
80 81 1 1 2.102
80 81 2 2 -3.371
80 81 3 3 -1.941
80 81 4 4 -6.7
80 81 5 5 -7.594
80 81 6 6 -6.016
80 81 7 7 10.75
80 81 8 8 -5.688
80 81 9 9 -4.363
80 81 10 10 -5.6
80 81 11 11 -0.9414
80 81 12 12 -7.508
80 81 13 13 -6.17
80 81 14 14 -4.227
80 81 15 15 -6.12
80 81 16 16 -3.283
80 81 17 17 -6.92
80 81 18 18 -10.19
80 81 19 19 -8.91
80 81 20 20 -8.37
80 81 21 21 -9.07
80 81 22 22 -5.977
80 81 23 23 -10.09
80 81 24 24 -12.55
80 81 25 25 -10.586
80 81 26 26 -6.055
80 81 27 27 -4.8
80 81 28 28 -8.625
80 81 29 29 -6.293
80 81 30 30 -10.39
80 81 31 31 -10.86
81 82 1 1 9.914
81 82 2 2 -6.844
81 82 3 3 -5.01
81 82 4 4 -4.508
81 82 5 5 -7.027
81 82 6 6 -6.35
81 82 7 7 -5.656
81 82 8 8 -5.58
81 82 9 9 -5.93
81 82 10 10 -6.8
81 82 11 11 -7.215
81 82 12 12 -4.266
81 82 13 13 -7.125
81 82 14 14 -5.96
81 82 15 15 -6.477
81 82 16 16 -5.92
81 82 17 17 -8.71
81 82 18 18 -7.582
81 82 19 19 -6.656
81 82 20 20 -7.332
81 82 21 21 -10.03
81 82 22 22 -9.2
81 82 23 23 -7.492
81 82 24 24 -9.4
81 82 25 25 -8.76
81 82 26 26 -8.22
81 82 27 27 -15.57
81 82 28 28 -13.14
81 82 29 29 -9.44
81 82 30 30 -14.81
81 82 31 31 -15.18
82 83 1 1 9.9
82 83 2 2 -6.76
82 83 3 3 -4.977
82 83 4 4 -4.49
82 83 5 5 -7.11
82 83 6 6 -6.29
82 83 7 7 -5.887
82 83 8 8 -5.656
82 83 9 9 -5.902
82 83 10 10 -6.836
82 83 11 11 -7.25
82 83 12 12 -4.297
82 83 13 13 -7.08
82 83 14 14 -6.008
82 83 15 15 -6.48
82 83 16 16 -5.83
82 83 17 17 -8.805
82 83 18 18 -7.66
82 83 19 19 -6.63
82 83 20 20 -7.355
82 83 21 21 -10.06
82 83 22 22 -9.22
82 83 23 23 -7.438
82 83 24 24 -9.42
82 83 25 25 -8.766
82 83 26 26 -8.266
82 83 27 27 -15.56
82 83 28 28 -13.16
82 83 29 29 -9.43
82 83 30 30 -14.82
82 83 31 31 -15.195
83 84 1 1 9.875
83 84 2 2 -6.742
83 84 3 3 -4.96
83 84 4 4 -4.45
83 84 5 5 -7.15
83 84 6 6 -6.184
83 84 7 7 -5.918
83 84 8 8 -5.7
83 84 9 9 -5.887
83 84 10 10 -6.793
83 84 11 11 -7.293
83 84 12 12 -4.27
83 84 13 13 -7.082
83 84 14 14 -6.043
83 84 15 15 -6.496
83 84 16 16 -5.77
83 84 17 17 -8.84
83 84 18 18 -7.676
83 84 19 19 -6.64
83 84 20 20 -7.39
83 84 21 21 -10.07
83 84 22 22 -9.195
83 84 23 23 -7.457
83 84 24 24 -9.47
83 84 25 25 -8.82
83 84 26 26 -8.28
83 84 27 27 -15.555
83 84 28 28 -13.164
83 84 29 29 -9.43
83 84 30 30 -14.81
83 84 31 31 -15.195
84 85 1 1 9.9
84 85 2 2 -6.84
84 85 3 3 -5.055
84 85 4 4 -4.49
84 85 5 5 -7.16
84 85 6 6 -6.305
84 85 7 7 -6.105
84 85 8 8 -5.72
84 85 9 9 -5.98
84 85 10 10 -6.82
84 85 11 11 -7.29
84 85 12 12 -4.266
84 85 13 13 -6.7
84 85 14 14 -6.215
84 85 15 15 -6.555
84 85 16 16 -5.75
84 85 17 17 -8.9
84 85 18 18 -7.6
84 85 19 19 -6.63
84 85 20 20 -7.23
84 85 21 21 -10.04
84 85 22 22 -9.23
84 85 23 23 -7.414
84 85 24 24 -9.41
84 85 25 25 -8.664
84 85 26 26 -8.21
84 85 27 27 -15.56
84 85 28 28 -13.086
84 85 29 29 -9.41
84 85 30 30 -14.81
84 85 31 31 -15.19
85 86 1 1 3.418
85 86 2 2 -4.85
85 86 3 3 -5.094
85 86 4 4 -3.969
85 86 5 5 -10.15
85 86 6 6 -8.625
85 86 7 7 -6.074
85 86 8 8 -7.21
85 86 9 9 -8.125
85 86 10 10 -3.34
85 86 11 11 -7.86
85 86 12 12 -5.51
85 86 13 13 11.58
85 86 14 14 -5.51
85 86 15 15 -5.82
85 86 16 16 -6.71
85 86 17 17 -7.223
85 86 18 18 -3.365
85 86 19 19 -5.953
85 86 20 20 -1.345
85 86 21 21 -6.008
85 86 22 22 -9.22
85 86 23 23 -7.92
85 86 24 24 -7.51
85 86 25 25 -2.213
85 86 26 26 -5.56
85 86 27 27 -1.484
85 86 28 28 -2.906
85 86 29 29 -10.01
85 86 30 30 -12.37
85 86 31 31 -11.25
86 87 1 1 9.805
86 87 2 2 -6.754
86 87 3 3 -5.19
86 87 4 4 -4.473
86 87 5 5 -7.164
86 87 6 6 -6.223
86 87 7 7 -6.0
86 87 8 8 -5.79
86 87 9 9 -6.008
86 87 10 10 -7.008
86 87 11 11 -7.258
86 87 12 12 -4.047
86 87 13 13 -6.37
86 87 14 14 -6.047
86 87 15 15 -6.62
86 87 16 16 -5.844
86 87 17 17 -8.83
86 87 18 18 -7.336
86 87 19 19 -6.754
86 87 20 20 -6.996
86 87 21 21 -9.88
86 87 22 22 -9.42
86 87 23 23 -7.26
86 87 24 24 -9.18
86 87 25 25 -8.4
86 87 26 26 -8.164
86 87 27 27 -15.33
86 87 28 28 -12.92
86 87 29 29 -9.42
86 87 30 30 -14.69
86 87 31 31 -15.06
87 88 1 1 9.84
87 88 2 2 -6.836
87 88 3 3 -5.17
87 88 4 4 -4.426
87 88 5 5 -7.195
87 88 6 6 -6.105
87 88 7 7 -5.93
87 88 8 8 -5.74
87 88 9 9 -5.918
87 88 10 10 -6.938
87 88 11 11 -7.332
87 88 12 12 -3.701
87 88 13 13 -6.934
87 88 14 14 -6.05
87 88 15 15 -6.59
87 88 16 16 -5.895
87 88 17 17 -8.805
87 88 18 18 -7.41
87 88 19 19 -6.95
87 88 20 20 -7.184
87 88 21 21 -9.85
87 88 22 22 -9.46
87 88 23 23 -7.332
87 88 24 24 -9.33
87 88 25 25 -8.71
87 88 26 26 -8.28
87 88 27 27 -15.41
87 88 28 28 -13.125
87 88 29 29 -9.45
87 88 30 30 -14.75
87 88 31 31 -15.14
88 89 1 1 1.757
88 89 2 2 -3.232
88 89 3 3 -8.39
88 89 4 4 -3.273
88 89 5 5 -5.652
88 89 6 6 -2.402
88 89 7 7 -7.8
88 89 8 8 -6.195
88 89 9 9 -9.41
88 89 10 10 -3.21
88 89 11 11 -6.7
88 89 12 12 10.77
88 89 13 13 -5.414
88 89 14 14 -7.316
88 89 15 15 -3.79
88 89 16 16 -5.277
88 89 17 17 -6.215
88 89 18 18 -5.723
88 89 19 19 -9.75
88 89 20 20 -5.832
88 89 21 21 -4.816
88 89 22 22 -10.67
88 89 23 23 -4.406
88 89 24 24 -7.84
88 89 25 25 -7.633
88 89 26 26 -8.6
88 89 27 27 -3.049
88 89 28 28 -6.89
88 89 29 29 -4.52
88 89 30 30 -10.625
88 89 31 31 -10.875
89 90 1 1 9.87
89 90 2 2 -6.508
89 90 3 3 -5.242
89 90 4 4 -4.54
89 90 5 5 -7.316
89 90 6 6 -6.16
89 90 7 7 -5.93
89 90 8 8 -5.78
89 90 9 9 -5.945
89 90 10 10 -6.79
89 90 11 11 -7.25
89 90 12 12 -3.797
89 90 13 13 -6.82
89 90 14 14 -6.15
89 90 15 15 -6.555
89 90 16 16 -5.824
89 90 17 17 -9.055
89 90 18 18 -7.723
89 90 19 19 -6.996
89 90 20 20 -7.438
89 90 21 21 -10.1
89 90 22 22 -9.516
89 90 23 23 -7.465
89 90 24 24 -9.55
89 90 25 25 -8.81
89 90 26 26 -8.32
89 90 27 27 -15.4
89 90 28 28 -13.13
89 90 29 29 -9.555
89 90 30 30 -14.79
89 90 31 31 -15.18
90 91 1 1 9.88
90 91 2 2 -6.414
90 91 3 3 -5.016
90 91 4 4 -4.535
90 91 5 5 -7.332
90 91 6 6 -6.344
90 91 7 7 -5.8
90 91 8 8 -5.805
90 91 9 9 -5.773
90 91 10 10 -6.785
90 91 11 11 -7.035
90 91 12 12 -4.32
90 91 13 13 -6.703
90 91 14 14 -6.207
90 91 15 15 -6.527
90 91 16 16 -5.656
90 91 17 17 -9.14
90 91 18 18 -7.832
90 91 19 19 -6.934
90 91 20 20 -7.555
90 91 21 21 -10.22
90 91 22 22 -9.41
90 91 23 23 -7.562
90 91 24 24 -9.65
90 91 25 25 -8.79
90 91 26 26 -8.305
90 91 27 27 -15.414
90 91 28 28 -13.164
90 91 29 29 -9.51
90 91 30 30 -14.8
90 91 31 31 -15.164
91 92 1 1 9.99
91 92 2 2 -6.703
91 92 3 3 -5.06
91 92 4 4 -4.574
91 92 5 5 -7.32
91 92 6 6 -6.508
91 92 7 7 -5.906
91 92 8 8 -5.793
91 92 9 9 -5.85
91 92 10 10 -6.77
91 92 11 11 -7.074
91 92 12 12 -4.332
91 92 13 13 -6.67
91 92 14 14 -6.324
91 92 15 15 -6.57
91 92 16 16 -5.613
91 92 17 17 -9.2
91 92 18 18 -7.863
91 92 19 19 -6.824
91 92 20 20 -7.504
91 92 21 21 -10.28
91 92 22 22 -9.42
91 92 23 23 -7.543
91 92 24 24 -9.63
91 92 25 25 -8.77
91 92 26 26 -8.29
91 92 27 27 -15.6
91 92 28 28 -13.23
91 92 29 29 -9.555
91 92 30 30 -14.88
91 92 31 31 -15.24
92 93 1 1 10.06
92 93 2 2 -6.816
92 93 3 3 -5.074
92 93 4 4 -4.613
92 93 5 5 -7.32
92 93 6 6 -6.574
92 93 7 7 -5.926
92 93 8 8 -5.79
92 93 9 9 -5.914
92 93 10 10 -6.785
92 93 11 11 -7.066
92 93 12 12 -4.36
92 93 13 13 -6.664
92 93 14 14 -6.383
92 93 15 15 -6.613
92 93 16 16 -5.62
92 93 17 17 -9.234
92 93 18 18 -7.89
92 93 19 19 -6.773
92 93 20 20 -7.5
92 93 21 21 -10.32
92 93 22 22 -9.42
92 93 23 23 -7.535
92 93 24 24 -9.65
92 93 25 25 -8.78
92 93 26 26 -8.29
92 93 27 27 -15.7
92 93 28 28 -13.27
92 93 29 29 -9.586
92 93 30 30 -14.94
92 93 31 31 -15.3
93 94 1 1 10.13
93 94 2 2 -6.906
93 94 3 3 -5.05
93 94 4 4 -4.65
93 94 5 5 -7.324
93 94 6 6 -6.62
93 94 7 7 -5.93
93 94 8 8 -5.8
93 94 9 9 -5.965
93 94 10 10 -6.832
93 94 11 11 -7.06
93 94 12 12 -4.395
93 94 13 13 -6.703
93 94 14 14 -6.434
93 94 15 15 -6.676
93 94 16 16 -5.652
93 94 17 17 -9.266
93 94 18 18 -7.938
93 94 19 19 -6.74
93 94 20 20 -7.496
93 94 21 21 -10.34
93 94 22 22 -9.43
93 94 23 23 -7.53
93 94 24 24 -9.66
93 94 25 25 -8.81
93 94 26 26 -8.31
93 94 27 27 -15.83
93 94 28 28 -13.336
93 94 29 29 -9.61
93 94 30 30 -15.0
93 94 31 31 -15.36
94 95 1 1 10.164
94 95 2 2 -6.926
94 95 3 3 -5.062
94 95 4 4 -4.65
94 95 5 5 -7.33
94 95 6 6 -6.63
94 95 7 7 -5.94
94 95 8 8 -5.81
94 95 9 9 -5.98
94 95 10 10 -6.863
94 95 11 11 -7.06
94 95 12 12 -4.41
94 95 13 13 -6.723
94 95 14 14 -6.46
94 95 15 15 -6.684
94 95 16 16 -5.656
94 95 17 17 -9.28
94 95 18 18 -7.953
94 95 19 19 -6.734
94 95 20 20 -7.492
94 95 21 21 -10.35
94 95 22 22 -9.44
94 95 23 23 -7.516
94 95 24 24 -9.664
94 95 25 25 -8.81
94 95 26 26 -8.33
94 95 27 27 -15.875
94 95 28 28 -13.36
94 95 29 29 -9.62
94 95 30 30 -15.016
94 95 31 31 -15.375
95 96 1 1 10.2
95 96 2 2 -6.96
95 96 3 3 -5.07
95 96 4 4 -4.684
95 96 5 5 -7.336
95 96 6 6 -6.67
95 96 7 7 -5.957
95 96 8 8 -5.8
95 96 9 9 -6.027
95 96 10 10 -6.88
95 96 11 11 -7.086
95 96 12 12 -4.418
95 96 13 13 -6.754
95 96 14 14 -6.47
95 96 15 15 -6.69
95 96 16 16 -5.68
95 96 17 17 -9.3
95 96 18 18 -7.984
95 96 19 19 -6.74
95 96 20 20 -7.516
95 96 21 21 -10.36
95 96 22 22 -9.45
95 96 23 23 -7.52
95 96 24 24 -9.68
95 96 25 25 -8.83
95 96 26 26 -8.35
95 96 27 27 -15.92
95 96 28 28 -13.39
95 96 29 29 -9.66
95 96 30 30 -15.055
95 96 31 31 -15.414
96 97 1 1 10.22
96 97 2 2 -6.992
96 97 3 3 -5.07
96 97 4 4 -4.684
96 97 5 5 -7.34
96 97 6 6 -6.684
96 97 7 7 -5.97
96 97 8 8 -5.805
96 97 9 9 -6.035
96 97 10 10 -6.875
96 97 11 11 -7.08
96 97 12 12 -4.418
96 97 13 13 -6.773
96 97 14 14 -6.477
96 97 15 15 -6.707
96 97 16 16 -5.68
96 97 17 17 -9.305
96 97 18 18 -7.992
96 97 19 19 -6.727
96 97 20 20 -7.527
96 97 21 21 -10.37
96 97 22 22 -9.445
96 97 23 23 -7.523
96 97 24 24 -9.68
96 97 25 25 -8.836
96 97 26 26 -8.35
96 97 27 27 -15.945
96 97 28 28 -13.41
96 97 29 29 -9.66
96 97 30 30 -15.06
96 97 31 31 -15.43
97 98 1 1 10.22
97 98 2 2 -6.984
97 98 3 3 -5.055
97 98 4 4 -4.67
97 98 5 5 -7.332
97 98 6 6 -6.684
97 98 7 7 -5.95
97 98 8 8 -5.812
97 98 9 9 -6.035
97 98 10 10 -6.89
97 98 11 11 -7.07
97 98 12 12 -4.434
97 98 13 13 -6.766
97 98 14 14 -6.477
97 98 15 15 -6.72
97 98 16 16 -5.676
97 98 17 17 -9.31
97 98 18 18 -8.01
97 98 19 19 -6.71
97 98 20 20 -7.523
97 98 21 21 -10.375
97 98 22 22 -9.445
97 98 23 23 -7.51
97 98 24 24 -9.67
97 98 25 25 -8.83
97 98 26 26 -8.35
97 98 27 27 -15.945
97 98 28 28 -13.41
97 98 29 29 -9.65
97 98 30 30 -15.06
97 98 31 31 -15.42
98 99 1 1 10.23
98 99 2 2 -6.992
98 99 3 3 -5.06
98 99 4 4 -4.676
98 99 5 5 -7.33
98 99 6 6 -6.676
98 99 7 7 -5.95
98 99 8 8 -5.816
98 99 9 9 -6.043
98 99 10 10 -6.895
98 99 11 11 -7.07
98 99 12 12 -4.43
98 99 13 13 -6.78
98 99 14 14 -6.48
98 99 15 15 -6.723
98 99 16 16 -5.676
98 99 17 17 -9.31
98 99 18 18 -8.0
98 99 19 19 -6.715
98 99 20 20 -7.52
98 99 21 21 -10.37
98 99 22 22 -9.445
98 99 23 23 -7.51
98 99 24 24 -9.67
98 99 25 25 -8.836
98 99 26 26 -8.35
98 99 27 27 -15.96
98 99 28 28 -13.414
98 99 29 29 -9.64
98 99 30 30 -15.07
98 99 31 31 -15.43
99 100 1 1 10.23
99 100 2 2 -6.984
99 100 3 3 -5.035
99 100 4 4 -4.668
99 100 5 5 -7.316
99 100 6 6 -6.656
99 100 7 7 -5.934
99 100 8 8 -5.82
99 100 9 9 -6.03
99 100 10 10 -6.918
99 100 11 11 -7.062
99 100 12 12 -4.438
99 100 13 13 -6.8
99 100 14 14 -6.477
99 100 15 15 -6.734
99 100 16 16 -5.66
99 100 17 17 -9.32
99 100 18 18 -8.01
99 100 19 19 -6.715
99 100 20 20 -7.516
99 100 21 21 -10.37
99 100 22 22 -9.44
99 100 23 23 -7.516
99 100 24 24 -9.67
99 100 25 25 -8.85
99 100 26 26 -8.37
99 100 27 27 -15.97
99 100 28 28 -13.43
99 100 29 29 -9.625
99 100 30 30 -15.06
99 100 31 31 -15.43
100 101 1 1 10.164
100 101 2 2 -6.934
100 101 3 3 -5.008
100 101 4 4 -4.664
100 101 5 5 -7.26
100 101 6 6 -6.566
100 101 7 7 -5.906
100 101 8 8 -5.81
100 101 9 9 -6.03
100 101 10 10 -6.88
100 101 11 11 -7.074
100 101 12 12 -4.367
100 101 13 13 -6.816
100 101 14 14 -6.473
100 101 15 15 -6.73
100 101 16 16 -5.57
100 101 17 17 -9.27
100 101 18 18 -7.945
100 101 19 19 -6.754
100 101 20 20 -7.51
100 101 21 21 -10.31
100 101 22 22 -9.39
100 101 23 23 -7.523
100 101 24 24 -9.664
100 101 25 25 -8.9
100 101 26 26 -8.375
100 101 27 27 -15.92
100 101 28 28 -13.42
100 101 29 29 -9.6
100 101 30 30 -15.016
100 101 31 31 -15.38
101 102 1 1 9.83
101 102 2 2 -3.602
101 102 3 3 -4.28
101 102 4 4 -3.623
101 102 5 5 -4.695
101 102 6 6 -5.383
101 102 7 7 -4.523
101 102 8 8 -6.85
101 102 9 9 -6.98
101 102 10 10 -5.57
101 102 11 11 -6.633
101 102 12 12 -3.566
101 102 13 13 -4.785
101 102 14 14 -6.375
101 102 15 15 -6.2
101 102 16 16 7.387
101 102 17 17 -8.17
101 102 18 18 -6.332
101 102 19 19 -6.168
101 102 20 20 -7.316
101 102 21 21 -7.72
101 102 22 22 -6.38
101 102 23 23 -7.996
101 102 24 24 -9.8
101 102 25 25 -8.914
101 102 26 26 -9.47
101 102 27 27 -12.2
101 102 28 28 -11.65
101 102 29 29 -5.543
101 102 30 30 -10.5
101 102 31 31 -10.31
102 1.0